<?xml version="1.0"?>
<opencv_storage>
    <image_width>
        640
    </image_width>
    <image_height>
        480
    </image_height>
    <distortion_coefficients>
        <rows>5</rows>
        <cols>1</cols>
        <dt>d</dt>
        <data>
            5.1011535316695424e-02 2.9740831958923337e+00 0. 0.
            -4.9154706776004986e+01</data>
    </distortion_coefficients>
    <camera_matrix type_id="opencv-matrix">
        <rows>3</rows>
        <cols>3</cols>
        <dt>d</dt>
        <data>
            1.1998640834468974e+03 0. 3.1950000000000000e+02 0.
            1.1998640834468974e+03 2.3950000000000000e+02 0. 0. 1.</data>
    </camera_matrix>
</opencv_storage>